"","toCode","predicted","eng"
